Now: 1492023681
Ready!
1492023681
0.10 0.94 31.22 31.00
0.10 0.93 32.23 32.00
0.10 0.93 32.23 32.00
0.10 0.93 32.23 32.00
0.10 0.94 31.22 31.00
Packet: 6 1492023681 97.34 0.94 0.93 0.93 0.93 0.94
Watchdog enabled: 8192
Enabling radio
Queue: 1
Pinging
P:1
Ponged
Clock Adjusted before=1492023688
P:2
Ack
End of queue
Empty
Beginning sleep!
51808
43616
35424
27232
19040
10848
2656
-5536
Bye!
Now: 1492023767
Ready!
1492023767
0.10 0.93 32.23 32.00
0.10 0.93 32.23 32.00
0.10 0.93 32.23 32.00
0.10 0.94 31.22 31.00
0.10 0.93 32.23 32.00
Packet: 6 1492023767 96.08 0.93 0.93 0.93 0.94 0.93
Watchdog enabled: 8192
Enabling radio
Queue: 1
Pinging
P:1
Ponged
Clock Adjusted before=1492023774
P:2
Ack
End of queue
Empty
Beginning sleep!
51808
43616
35424
27232
19040
10848
2656
-5536
Bye!
Now: 1492023846
Ready!
1492023846
0.10 0.95 30.21 30.00
0.09 0.96 29.21 29.00
0.10 0.95 30.21 30.00
0.09 0.96 29.21 29.00
0.09 0.96 29.21 29.00
Packet: 6 1492023846 96.08 0.95 0.96 0.95 0.96 0.96
Watchdog enabled: 8192
Enabling radio
Queue: 1
Pinging
P:1
Ponged
Clock Adjusted before=1492023852
P:2
Ack
End of queue
Empty
Beginning sleep!
51808
43616
35424
27232
19040
10848
2656
-5536
Bye!
Now: 1492023926
Ready!
1492023926
0.11 0.92 33.23 33.00
0.11 0.91 34.24 34.00
0.11 0.91 34.24 34.00
0.11 0.91 34.24 34.00
0.11 0.91 34.24 34.00
Packet: 6 1492023926 96.08 0.92 0.91 0.91 0.91 0.91
Watchdog enabled: 8192
Enabling radio
Queue: 1
Pinging
P:1
Ponged
Clock Adjusted before=1492023933
P:2
Ack
End of queue
Empty
Beginning sleep!
51808
43616
35424
27232
19040
10848
2656
-5536
Bye!
Now: 1492024009
Ready!
1492024009
0.11 0.92 33.23 33.00
0.11 0.92 33.23 33.00
0.11 0.92 33.23 33.00
0.11 0.91 34.24 34.00
0.11 0.92 33.23 33.00
Packet: 6 1492024009 97.18 0.92 0.92 0.92 0.91 0.92
Watchdog enabled: 8192
Enabling radio
Queue: 1
Pinging
P:1
Ponged
Clock Adjusted before=1492024015
P:2
Ack
End of queue
Empty
Beginning sleep!
51808
43616
35424
27232
19040
10848
2656
-5536
Bye!
Now: 1492024153
Ready!
1492024153
0.11 0.90 35.25 35.00
0.11 0.90 35.25 35.00
0.11 0.92 33.23 33.00
0.11 0.91 34.24 34.00
0.11 0.91 34.24 34.00
Packet: 6 1492024153 96.08 0.90 0.90 0.92 0.91 0.91
Watchdog enabled: 8192
Enabling radio
Queue: 1
Pinging
P:1
Ponged
Clock Adjusted before=1492024160
P:2
Ack
End of queue
Empty
Beginning sleep!
51808
43616
35424
27232
19040
10848
2656
-5536
Bye!
Now: 1492024170
Ready!
1492024170
0.11 0.91 34.24 34.00
0.11 0.90 35.25 35.00
0.11 0.91 34.24 34.00
0.11 0.91 34.24 34.00
0.11 0.91 34.24 34.00
Packet: 6 1492024170 96.08 0.91 0.90 0.91 0.91 0.91
Watchdog enabled: 8192
Enabling radio
Queue: 1
Pinging
P:1
Ponged
Clock Adjusted before=1492024177
P:2
Ack
End of queue
Empty
Beginning sleep!
51808
43616
35424
27232
19040
10848
2656
-5536
Bye!
Now: 1492024315
Ready!
1492024315
0.11 0.91 34.24 34.00
0.11 0.91 34.24 34.00
0.11 0.91 34.24 34.00
0.11 0.92 33.23 33.00
0.11 0.91 34.24 34.00
Packet: 6 1492024315 96.08 0.91 0.91 0.91 0.92 0.91
Watchdog enabled: 8192
Enabling radio
Queue: 1
Pinging
P:1
Ponged
Clock Adjusted before=1492024322
P:2
Ack
End of queue
Empty
Beginning sleep!
51808
43616
35424
27232
19040
10848
2656
-5536
Bye!
Now: 1492024399
Ready!
1492024399
0.11 0.90 35.25 35.00
0.11 0.92 33.23 33.00
0.11 0.91 34.24 34.00
0.11 0.90 35.25 35.00
0.11 0.92 33.23 33.00
Packet: 6 1492024399 97.18 0.90 0.92 0.91 0.90 0.92
Watchdog enabled: 8192
Enabling radio
Queue: 1
Pinging
P:1
Ponged
Clock Adjusted before=1492024405
P:2
Ack
End of queue
Empty
Beginning sleep!
51808
43616
35424
27232
19040
10848
2656
-5536
Bye!
Now: 1492024416
Ready!
1492024416
0.11 0.92 33.23 33.00
0.11 0.91 34.24 34.00
0.11 0.91 34.24 34.00
0.11 0.92 33.23 33.00
0.11 0.92 33.23 33.00
Packet: 6 1492024416 96.08 0.92 0.91 0.91 0.92 0.92
Watchdog enabled: 8192
Enabling radio
Queue: 1
Pinging
P:1
Ponged
Clock Adjusted before=1492024422
P:2
Ack
End of queue
Empty
Beginning sleep!
51808
43616
35424
27232
19040
10848
2656
-5536
Bye!
Now: 1492024560
Ready!
1492024560
0.12 0.89 36.25 36.00
0.11 0.91 34.24 34.00
0.11 0.90 35.25 35.00
0.11 0.92 33.23 33.00
0.11 0.91 34.24 34.00
Packet: 6 1492024560 96.08 0.89 0.91 0.90 0.92 0.91
Watchdog enabled: 8192
Enabling radio
Queue: 1
Pinging
P:1
Ponged
Clock Adjusted before=1492024567
P:2
Ack
End of queue
Empty
Beginning sleep!
51808
43616
35424
27232
19040
10848
2656
-5536
Bye!
Now: 1492024577
Ready!
1492024577
0.11 0.91 34.24 34.00
0.11 0.90 35.25 35.00
0.11 0.90 35.25 35.00
0.11 0.90 35.25 35.00
0.11 0.91 34.24 34.00
Packet: 6 1492024577 96.08 0.91 0.90 0.90 0.90 0.91
Watchdog enabled: 8192
Enabling radio
Queue: 1
Pinging
P:1
Ponged
Clock Adjusted before=1492024584
P:2
Ack
End of queue
Empty
Beginning sleep!
51808
43616
35424
27232
19040
10848
2656
-5536
Bye!
Now: 1492024661
Ready!
1492024661
0.11 0.92 33.23 33.00
0.11 0.91 34.24 34.00
0.11 0.91 34.24 34.00
0.11 0.90 35.25 35.00
0.11 0.91 34.24 34.00
Packet: 6 1492024661 96.08 0.92 0.91 0.91 0.90 0.91
Watchdog enabled: 8192
Enabling radio
Queue: 1
Pinging
P:1
Ponged
Clock Adjusted before=1492024668
P:2
Ack
End of queue
Empty
Beginning sleep!
51808
43616
35424
27232
19040
10848
2656
-5536
Bye!
Now: 1492024678
Ready!
1492024678
0.11 0.91 34.24 34.00
0.11 0.91 34.24 34.00
0.11 0.90 35.25 35.00
0.11 0.91 34.24 34.00
0.11 0.91 34.24 34.00
Packet: 6 1492024678 96.08 0.91 0.91 0.90 0.91 0.91
Watchdog enabled: 8192
Enabling radio
Queue: 1
Pinging
P:1
Ponged
Clock Adjusted before=1492024684
P:2
Ack
End of queue
Empty
Beginning sleep!
51808
43616
35424
27232
19040
10848
2656
-5536
Bye!
Now: 1492024823
Ready!
1492024823
0.11 0.92 33.23 33.00
0.11 0.91 34.24 34.00
0.11 0.92 33.23 33.00
0.11 0.91 34.24 34.00
0.11 0.91 34.24 34.00
Packet: 6 1492024823 96.08 0.92 0.91 0.92 0.91 0.91
Watchdog enabled: 8192
Enabling radio
Queue: 1
Pinging
P:1
Ponged
Clock Adjusted before=1492024829
P:2
Ack
End of queue
Empty
Beginning sleep!
51808
43616
35424
27232
19040
10848
2656
-5536
Bye!
Now: 1492024907
Ready!
1492024907
0.11 0.91 34.24 34.00
0.11 0.91 34.24 34.00
0.11 0.91 34.24 34.00
0.11 0.92 33.23 33.00
0.11 0.91 34.24 34.00
Packet: 6 1492024907 96.55 0.91 0.91 0.91 0.92 0.91
Watchdog enabled: 8192
Enabling radio
Queue: 1
Pinging
P:1
Ponged
Clock Adjusted before=1492024913
P:2
Ack
End of queue
Empty
Beginning sleep!
51808
43616
35424
27232
19040
10848
2656
-5536
Bye!
Now: 1492024923
Ready!
1492024923
0.11 0.91 34.24 34.00
0.11 0.91 34.24 34.00
0.11 0.91 34.24 34.00
0.11 0.91 34.24 34.00
0.11 0.91 34.24 34.00
Packet: 6 1492024923 96.08 0.91 0.91 0.91 0.91 0.91
Watchdog enabled: 8192
Enabling radio
Queue: 1
Pinging
P:1
Ponged
Clock Adjusted before=1492024930
P:2
Ack
End of queue
Empty
Beginning sleep!
51808
43616
35424
27232
19040
10848
2656
-5536
Bye!
Now: 1492025068
Ready!
1492025068
0.11 0.92 33.23 33.00
0.11 0.91 34.24 34.00
0.11 0.91 34.24 34.00
0.11 0.91 34.24 34.00
0.11 0.91 34.24 34.00
Packet: 6 1492025068 96.08 0.92 0.91 0.91 0.91 0.91
Watchdog enabled: 8192
Enabling radio
Queue: 1
Pinging
P:1
Ponged
Clock Adjusted before=1492025075
P:2
Ack
End of queue
Empty
Beginning sleep!
51808
43616
35424
27232
19040
10848
2656
-5536
Bye!
Now: 1492025086
Ready!
1492025086
0.11 0.92 33.23 33.00
0.11 0.91 34.24 34.00
0.11 0.91 34.24 34.00
0.11 0.91 34.24 34.00
0.11 0.91 34.24 34.00
Packet: 6 1492025086 96.08 0.92 0.91 0.91 0.91 0.91
Watchdog enabled: 8192
Enabling radio
Queue: 1
Pinging
P:1
Ponged
Clock Adjusted before=1492025092
P:2
Ack
End of queue
Empty
Beginning sleep!
51808
43616
35424
27232
19040
10848
2656
-5536
Bye!
Now: 1492025169
Ready!
1492025169
0.11 0.91 34.24 34.00
0.11 0.91 34.24 34.00
0.11 0.91 34.24 34.00
0.11 0.91 34.24 34.00
0.11 0.90 35.25 35.00
Packet: 6 1492025169 96.08 0.91 0.91 0.91 0.91 0.90
Watchdog enabled: 8192
Enabling radio
Queue: 1
Pinging
P:1
Ponged
Clock Adjusted before=1492025176
P:2
Ack
End of queue
Empty
Beginning sleep!
51808
43616
35424
27232
19040
10848
2656
-5536
Bye!
Now: 1492025314
Ready!
1492025314
0.11 0.91 34.24 34.00
0.11 0.92 33.23 33.00
0.11 0.90 35.25 35.00
0.11 0.91 34.24 34.00
0.11 0.92 33.23 33.00
Packet: 6 1492025314 95.45 0.91 0.92 0.90 0.91 0.92
Watchdog enabled: 8192
Enabling radio
Queue: 1
Pinging
P:1
Ponged
Clock Adjusted before=1492025320
P:2
Ack
End of queue
Empty
Beginning sleep!
51808
43616
35424
27232
19040
10848
2656
-5536
Bye!
Now: 1492025332
Ready!
1492025332
0.11 0.92 33.23 33.00
0.11 0.91 34.24 34.00
0.11 0.91 34.24 34.00
0.11 0.90 35.25 35.00
0.11 0.91 34.24 34.00
Packet: 6 1492025332 96.08 0.92 0.91 0.91 0.90 0.91
Watchdog enabled: 8192
Enabling radio
Queue: 1
Pinging
P:1
Ponged
Clock Adjusted before=1492025338
P:2
Ack
End of queue
Empty
Beginning sleep!
51808
43616
35424
27232
19040
10848
2656
-5536
Bye!
Now: 1492025477
Ready!
1492025477
0.11 0.92 33.23 33.00
0.11 0.91 34.24 34.00
0.11 0.91 34.24 34.00
0.11 0.90 35.25 35.00
0.11 0.91 34.24 34.00
Packet: 6 1492025477 96.08 0.92 0.91 0.91 0.90 0.91
Watchdog enabled: 8192
Enabling radio
Queue: 1
Pinging
P:1
Ponged
Clock Adjusted before=1492025483
P:2
Ack
End of queue
Empty
Beginning sleep!
51808
43616
35424
27232
19040
10848
2656
-5536
Bye!
Now: 1492025559
Ready!
1492025559
0.11 0.91 34.24 34.00
0.11 0.91 34.24 34.00
0.11 0.92 33.23 33.00
0.11 0.91 34.24 34.00
0.11 0.91 34.24 34.00
Packet: 6 1492025559 96.08 0.91 0.91 0.92 0.91 0.91
Watchdog enabled: 8192
Enabling radio
Queue: 1
Pinging
P:1
Ponged
Clock Adjusted before=1492025566
P:2
Ack
End of queue
Empty
Beginning sleep!
51808
43616
35424
27232
19040
10848
2656
-5536
Bye!
Now: 1492025576
Ready!
1492025576
0.11 0.91 34.24 34.00
0.11 0.91 34.24 34.00
0.11 0.91 34.24 34.00
0.11 0.91 34.24 34.00
0.11 0.91 34.24 34.00
Packet: 6 1492025576 96.08 0.91 0.91 0.91 0.91 0.91
Watchdog enabled: 8192
Enabling radio
Queue: 1
Pinging
P:1
Ponged
Clock Adjusted before=1492025583
P:2
Ack
End of queue
Empty
Beginning sleep!
51808
43616
35424
27232
19040
10848
2656
-5536
Bye!
Now: 1492025722
Ready!
1492025722
0.11 0.92 33.23 33.00
0.11 0.91 34.24 34.00
0.11 0.91 34.24 34.00
0.11 0.92 33.23 33.00
0.11 0.91 34.24 34.00
Packet: 6 1492025722 96.08 0.92 0.91 0.91 0.92 0.91
Watchdog enabled: 8192
Enabling radio
Queue: 1
Pinging
P:1
Ponged
Clock Adjusted before=1492025728
P:2
Ack
End of queue
Empty
Beginning sleep!
51808
43616
35424
27232
19040
10848
2656
-5536
Bye!
Now: 1492025805
Ready!
1492025805
0.11 0.92 33.23 33.00
0.11 0.92 33.23 33.00
0.11 0.90 35.25 35.00
0.11 0.91 34.24 34.00
0.11 0.91 34.24 34.00
Packet: 6 1492025805 96.08 0.92 0.92 0.90 0.91 0.91
Watchdog enabled: 8192
Enabling radio
Queue: 1
Pinging
P:1
Ponged
Clock Adjusted before=1492025811
P:2
Ack
End of queue
Empty
Beginning sleep!
51808
43616
35424
27232
19040
10848
2656
-5536
Bye!
Now: 1492025821
Ready!
1492025821
0.11 0.91 34.24 34.00
0.11 0.92 33.23 33.00
0.11 0.91 34.24 34.00
0.11 0.91 34.24 34.00
0.11 0.91 34.24 34.00
Packet: 6 1492025821 96.08 0.91 0.92 0.91 0.91 0.91
Watchdog enabled: 8192
Enabling radio
Queue: 1
Pinging
P:1
Ponged
Clock Adjusted before=1492025828
P:2
Ack
End of queue
Empty
Beginning sleep!
51808
43616
35424
27232
19040
10848
2656
-5536
Bye!
Now: 1492025967
Ready!
1492025967
0.11 0.90 35.25 35.00
0.11 0.91 34.24 34.00
0.11 0.92 33.23 33.00
0.11 0.91 34.24 34.00
0.11 0.91 34.24 34.00
Packet: 6 1492025967 95.45 0.90 0.91 0.92 0.91 0.91
Watchdog enabled: 8192
Enabling radio
Queue: 1
Pinging
P:1
Ponged
Clock Adjusted before=1492025974
P:2
Ack
End of queue
Empty
Beginning sleep!
51808
43616
35424
27232
19040
10848
2656
-5536
Bye!
Now: 1492025984
Ready!
1492025984
0.11 0.91 34.24 34.00
0.11 0.92 33.23 33.00
0.11 0.91 34.24 34.00
0.11 0.91 34.24 34.00
0.11 0.91 34.24 34.00
Packet: 6 1492025984 96.08 0.91 0.92 0.91 0.91 0.91
Watchdog enabled: 8192
Enabling radio
Queue: 1
Pinging
P:1
Ponged
Clock Adjusted before=1492025990
P:2
Ack
End of queue
Empty
Beginning sleep!
51808
43616
35424
27232
19040
10848
2656
-5536
Bye!
Now: 1492026067
Ready!
1492026067
0.11 0.91 34.24 34.00
0.11 0.92 33.23 33.00
0.11 0.91 34.24 34.00
0.11 0.92 33.23 33.00
0.11 0.92 33.23 33.00
Packet: 6 1492026067 95.45 0.91 0.92 0.91 0.92 0.92
Watchdog enabled: 8192
Enabling radio
Queue: 1
Pinging
P:1
Ponged
Clock Adjusted before=1492026073
P:2
Ack
End of queue
Empty
Beginning sleep!
51808
43616
35424
27232
19040
10848
2656
-5536
Bye!
Now: 1492026212
Ready!
1492026213
0.11 0.91 34.24 34.00
0.11 0.91 34.24 34.00
0.11 0.92 33.23 33.00
0.11 0.92 33.23 33.00
0.11 0.91 34.24 34.00
Packet: 6 1492026213 96.08 0.91 0.91 0.92 0.92 0.91
Watchdog enabled: 8192
Enabling radio
Queue: 1
Pinging
P:1
Ponged
Clock Adjusted before=1492026219
P:2
Ack
End of queue
Empty
Beginning sleep!
51808
43616
35424
27232
19040
10848
2656
-5536
Bye!
Now: 1492026229
Ready!
1492026229
0.11 0.91 34.24 34.00
0.11 0.91 34.24 34.00
0.11 0.91 34.24 34.00
0.11 0.91 34.24 34.00
0.11 0.91 34.24 34.00
Packet: 6 1492026229 95.45 0.91 0.91 0.91 0.91 0.91
Watchdog enabled: 8192
Enabling radio
Queue: 1
Pinging
P:1
Ponged
Clock Adjusted before=1492026236
P:2
Ack
End of queue
Empty
Beginning sleep!
51808
43616
35424
27232
19040
10848
2656
-5536
Bye!
Now: 1492026313
Ready!
1492026313
0.11 0.92 33.23 33.00
0.11 0.91 34.24 34.00
0.11 0.91 34.24 34.00
0.11 0.92 33.23 33.00
0.11 0.92 33.23 33.00
Packet: 6 1492026313 96.08 0.92 0.91 0.91 0.92 0.92
Watchdog enabled: 8192
Enabling radio
Queue: 1
Pinging
P:1
Ponged
Clock Adjusted before=1492026319
P:2
Ack
End of queue
Empty
Beginning sleep!
51808
43616
35424
27232
19040
10848
2656
-5536
Bye!
Now: 1492026330
Ready!
1492026330
0.11 0.91 34.24 34.00
0.11 0.91 34.24 34.00
0.11 0.91 34.24 34.00
0.11 0.91 34.24 34.00
0.11 0.92 33.23 33.00
Packet: 6 1492026330 96.08 0.91 0.91 0.91 0.91 0.92
Watchdog enabled: 8192
Enabling radio
Queue: 1
Pinging
P:1
Ponged
Clock Adjusted before=1492026337
P:2
Ack
End of queue
Empty
Beginning sleep!
51808
43616
35424
27232
19040
10848
2656
-5536
Bye!
Now: 1492026475
Ready!
1492026475
0.11 0.91 34.24 34.00
0.11 0.92 33.23 33.00
0.11 0.91 34.24 34.00
0.11 0.92 33.23 33.00
0.11 0.91 34.24 34.00
Packet: 6 1492026475 96.08 0.91 0.92 0.91 0.92 0.91
Watchdog enabled: 8192
Enabling radio
Queue: 1
Pinging
P:1
Ponged
Clock Adjusted before=1492026481
P:2
Ack
End of queue
Empty
Beginning sleep!
51808
43616
35424
27232
19040
10848
2656
-5536
Bye!
Now: 1492026493
Ready!
1492026493
0.11 0.91 34.24 34.00
0.11 0.91 34.24 34.00
0.11 0.91 34.24 34.00
0.11 0.91 34.24 34.00
0.11 0.91 34.24 34.00
Packet: 6 1492026493 95.45 0.91 0.91 0.91 0.91 0.91
Watchdog enabled: 8192
Enabling radio
Queue: 1
Pinging
P:1
Ponged
Clock Adjusted before=1492026499
P:2
Ack
End of queue
Empty
Beginning sleep!
51808
43616
35424
27232
19040
10848
2656
-5536
Bye!
Now: 1492026576
Ready!
1492026576
0.11 0.91 34.24 34.00
0.11 0.91 34.24 34.00
0.11 0.92 33.23 33.00
0.11 0.91 34.24 34.00
0.11 0.91 34.24 34.00
Packet: 6 1492026576 95.45 0.91 0.91 0.92 0.91 0.91
Watchdog enabled: 8192
Enabling radio
Queue: 1
Pinging
P:1
Ponged
Clock Adjusted before=1492026582
P:2
Ack
End of queue
Empty
Beginning sleep!
51808
43616
35424
27232
19040
10848
2656
-5536
Bye!
Now: 1492026720
Ready!
1492026720
0.11 0.92 33.23 33.00
0.11 0.92 33.23 33.00
0.10 0.93 32.23 32.00
0.11 0.92 33.23 33.00
0.11 0.91 34.24 34.00
Packet: 6 1492026720 95.45 0.92 0.92 0.93 0.92 0.91
Watchdog enabled: 8192
Enabling radio
Queue: 1
Pinging
P:1
Ponged
Clock Adjusted before=1492026727
P:2
Ack
End of queue
Empty
Beginning sleep!
51808
43616
35424
27232
19040
10848
2656
-5536
Bye!
Now: 1492026737
Ready!
1492026737
0.11 0.92 33.23 33.00
0.11 0.91 34.24 34.00
0.11 0.91 34.24 34.00
0.11 0.92 33.23 33.00
0.11 0.92 33.23 33.00
Packet: 6 1492026737 95.45 0.92 0.91 0.91 0.92 0.92
Watchdog enabled: 8192
Enabling radio
Queue: 1
Pinging
P:1
Ponged
Clock Adjusted before=1492026743
P:2
Ack
End of queue
Empty
Beginning sleep!
51808
43616
35424
27232
19040
10848
2656
-5536
Bye!
Now: 1492026883
Ready!
1492026883
0.11 0.92 33.23 33.00
0.11 0.92 33.23 33.00
0.11 0.92 33.23 33.00
0.11 0.91 34.24 34.00
0.11 0.92 33.23 33.00
Packet: 6 1492026883 96.08 0.92 0.92 0.92 0.91 0.92
Watchdog enabled: 8192
Enabling radio
Queue: 1
Pinging
P:1
Ponged
Clock Adjusted before=1492026889
P:2
Ack
End of queue
Empty
Beginning sleep!
51808
43616
35424
27232
19040
10848
2656
-5536
Bye!
Now: 1492026966
Ready!
1492026966
0.11 0.91 34.24 34.00
0.11 0.91 34.24 34.00
0.11 0.92 33.23 33.00
0.11 0.90 35.25 35.00
0.11 0.91 34.24 34.00
Packet: 6 1492026966 95.45 0.91 0.91 0.92 0.90 0.91
Watchdog enabled: 8192
Enabling radio
Queue: 1
Pinging
P:1
Ponged
Clock Adjusted before=1492026972
P:2
Ack
End of queue
Empty
Beginning sleep!
51808
43616
35424
27232
19040
10848
2656
-5536
Bye!
Now: 1492026982
Ready!
1492026982
0.11 0.91 34.24 34.00
0.11 0.91 34.24 34.00
0.11 0.91 34.24 34.00
0.11 0.91 34.24 34.00
0.11 0.91 34.24 34.00
Packet: 6 1492026982 96.08 0.91 0.91 0.91 0.91 0.91
Watchdog enabled: 8192
Enabling radio
Queue: 1
Pinging
P:1
Ponged
Clock Adjusted before=1492026989
P:2
Ack
End of queue
Empty
Beginning sleep!
51808
43616
35424
27232
19040
10848
2656
-5536
Bye!
Now: 1492027127
Ready!
1492027127
0.11 0.91 34.24 34.00
0.11 0.90 35.25 35.00
0.11 0.91 34.24 34.00
0.11 0.91 34.24 34.00
0.11 0.91 34.24 34.00
Packet: 6 1492027127 96.08 0.91 0.90 0.91 0.91 0.91
Watchdog enabled: 8192
Enabling radio
Queue: 1
Pinging
P:1
Ponged
Clock Adjusted before=1492027134
P:2
Ack
End of queue
Empty
Beginning sleep!
51808
43616
35424
27232
19040
10848
2656
-5536
Bye!
Now: 1492027210
Ready!
1492027210
0.11 0.92 33.23 33.00
0.11 0.92 33.23 33.00
0.11 0.92 33.23 33.00
0.10 0.93 32.23 32.00
0.10 0.93 32.23 32.00
Packet: 6 1492027210 95.45 0.92 0.92 0.92 0.93 0.93
Watchdog enabled: 8192
Enabling radio
Queue: 1
Pinging
P:1
Ponged
Clock Adjusted before=1492027216
P:2
Ack
End of queue
Empty
Beginning sleep!
51808
43616
35424
27232
19040
10848
2656
-5536
Bye!
Now: 1492027228
Ready!
1492027228
0.11 0.91 34.24 34.00
0.11 0.91 34.24 34.00
0.11 0.92 33.23 33.00
0.10 0.93 32.23 32.00
0.11 0.92 33.23 33.00
Packet: 6 1492027228 96.08 0.91 0.91 0.92 0.93 0.92
Watchdog enabled: 8192
Enabling radio
Queue: 1
Pinging
P:1
Ponged
Clock Adjusted before=1492027234
P:2
Ack
End of queue
Empty
Beginning sleep!
51808
43616
35424
27232
19040
10848
2656
-5536
Bye!
Now: 1492027372
Ready!
1492027372
0.11 0.92 33.23 33.00
0.10 0.93 32.23 32.00
0.11 0.92 33.23 33.00
0.11 0.92 33.23 33.00
0.11 0.92 33.23 33.00
Packet: 6 1492027372 95.45 0.92 0.93 0.92 0.92 0.92
Watchdog enabled: 8192
Enabling radio
Queue: 1
Pinging
P:1
Ponged
Clock Adjusted before=1492027378
P:2
Ack
End of queue
Empty
Beginning sleep!
51808
43616
35424
27232
19040
10848
2656
-5536
Bye!
Now: 1492027388
Ready!
1492027388
0.11 0.92 33.23 33.00
0.10 0.93 32.23 32.00
0.11 0.92 33.23 33.00
0.11 0.92 33.23 33.00
0.10 0.93 32.23 32.00
Packet: 6 1492027388 95.45 0.92 0.93 0.92 0.92 0.93
Watchdog enabled: 8192
Enabling radio
Queue: 1
Pinging
P:1
Ponged
Clock Adjusted before=1492027395
P:2
Ack
End of queue
Empty
Beginning sleep!
51808
43616
35424
27232
19040
10848
2656
-5536
Bye!
Now: 1492027472
Ready!
1492027472
0.11 0.91 34.24 34.00
0.11 0.92 33.23 33.00
0.11 0.92 33.23 33.00
0.11 0.92 33.23 33.00
0.10 0.93 32.23 32.00
Packet: 6 1492027472 96.08 0.91 0.92 0.92 0.92 0.93
Watchdog enabled: 8192
Enabling radio
Queue: 1
Pinging
P:1
Ponged
Clock Adjusted before=1492027478
P:2
Ack
End of queue
Empty
Beginning sleep!
51808
43616
35424
27232
19040
10848
2656
-5536
Bye!
Now: 1492027616
Ready!
1492027616
0.11 0.92 33.23 33.00
0.11 0.92 33.23 33.00
0.11 0.92 33.23 33.00
0.11 0.92 33.23 33.00
0.11 0.92 33.23 33.00
Packet: 6 1492027616 96.08 0.92 0.92 0.92 0.92 0.92
Watchdog enabled: 8192
Enabling radio
Queue: 1
Pinging
P:1
Ponged
Clock Adjusted before=1492027623
P:2
Ack
End of queue
Empty
Beginning sleep!
51808
43616
35424
27232
19040
10848
2656
-5536
Bye!
Now: 1492027634
Ready!
1492027634
0.10 0.93 32.23 32.00
0.11 0.92 33.23 33.00
0.11 0.92 33.23 33.00
0.11 0.92 33.23 33.00
0.11 0.92 33.23 33.00
Packet: 6 1492027634 94.81 0.93 0.92 0.92 0.92 0.92
Watchdog enabled: 8192
Enabling radio
Queue: 1
Pinging
P:1
Ponged
Clock Adjusted before=1492027640
P:2
Ack
End of queue
Empty
Beginning sleep!
51808
43616
35424
27232
19040
10848
2656
-5536
Bye!
Now: 1492027780
Ready!
1492027780
0.11 0.92 33.23 33.00
0.11 0.92 33.23 33.00
0.10 0.93 32.23 32.00
0.11 0.92 33.23 33.00
0.11 0.92 33.23 33.00
Packet: 6 1492027780 95.45 0.92 0.92 0.93 0.92 0.92
Watchdog enabled: 8192
Enabling radio
Queue: 1
Pinging
P:1
Ponged
Clock Adjusted before=1492027786
P:2
Ack
End of queue
Empty
Beginning sleep!
51808
43616
35424
27232
19040
10848
2656
-5536
Bye!
Now: 1492027862
Ready!
1492027862
0.10 0.93 32.23 32.00
0.10 0.93 32.23 32.00
0.11 0.92 33.23 33.00
0.10 0.93 32.23 32.00
0.11 0.92 33.23 33.00
Packet: 6 1492027862 94.81 0.93 0.93 0.92 0.93 0.92
Watchdog enabled: 8192
Enabling radio
Queue: 1
Pinging
P:1
Ponged
Clock Adjusted before=1492027868
P:2
Ack
End of queue
Empty
Beginning sleep!
51808
43616
35424
27232
19040
10848
2656
-5536
Bye!
Now: 1492027878
Ready!
1492027878
0.11 0.92 33.23 33.00
0.11 0.92 33.23 33.00
0.10 0.93 32.23 32.00
0.10 0.93 32.23 32.00
0.10 0.94 31.22 31.00
Packet: 6 1492027878 94.81 0.92 0.92 0.93 0.93 0.94
Watchdog enabled: 8192
Enabling radio
Queue: 1
Pinging
P:1
Ponged
Clock Adjusted before=1492027885
P:2
Ack
End of queue
Empty
Beginning sleep!
51808
43616
35424
27232
19040
10848
2656
-5536
Bye!
Now: 1492028023
Ready!
1492028023
0.11 0.92 33.23 33.00
0.10 0.93 32.23 32.00
0.11 0.92 33.23 33.00
0.11 0.92 33.23 33.00
0.11 0.92 33.23 33.00
Packet: 6 1492028023 95.45 0.92 0.93 0.92 0.92 0.92
Watchdog enabled: 8192
Enabling radio
Queue: 1
Pinging
P:1
Ponged
Clock Adjusted before=1492028030
P:2
Ack
End of queue
Empty
Beginning sleep!
51808
43616
35424
27232
19040
10848
2656
-5536
Bye!
Now: 1492028106
Ready!
1492028106
0.10 0.93 32.23 32.00
0.10 0.93 32.23 32.00
0.11 0.92 33.23 33.00
0.11 0.92 33.23 33.00
0.10 0.93 32.23 32.00
Packet: 6 1492028106 95.92 0.93 0.93 0.92 0.92 0.93
Watchdog enabled: 8192
Enabling radio
Queue: 1
Pinging
P:1
Ponged
Clock Adjusted before=1492028112
P:2
Ack
End of queue
Empty
Beginning sleep!
51808
43616
35424
27232
19040
10848
2656
-5536
Bye!
Now: 1492028123
Ready!
1492028123
0.11 0.92 33.23 33.00
0.10 0.93 32.23 32.00
0.10 0.93 32.23 32.00
0.11 0.92 33.23 33.00
0.10 0.93 32.23 32.00
Packet: 6 1492028123 94.81 0.92 0.93 0.93 0.92 0.93
Watchdog enabled: 8192
Enabling radio
Queue: 1
Pinging
P:1
Ponged
Clock Adjusted before=1492028129
P:2
Ack
End of queue
Empty
Beginning sleep!
51808
43616
35424
27232
19040
10848
2656
-5536
Bye!
Now: 1492028267
Ready!
1492028267
0.10 0.94 31.22 31.00
0.10 0.95 30.21 30.00
0.10 0.95 30.21 30.00
0.10 0.95 30.21 30.00
0.10 0.95 30.21 30.00
Packet: 6 1492028267 95.92 0.94 0.95 0.95 0.95 0.95
Watchdog enabled: 8192
Enabling radio
Queue: 1
Pinging
P:1
Ponged
Clock Adjusted before=1492028274
P:2
Ack
End of queue
Empty
Beginning sleep!
51808
43616
35424
27232
19040
Now: 1491334346
Ready!
1491334346
0.10 0.95 30.21 30.00
0.10 0.95 30.21 30.00
0.10 0.95 30.21 30.00
0.10 0.95 30.21 30.00
0.10 0.95 30.21 30.00
Packet: 6 1491334346 96.08 0.95 0.95 0.95 0.95 0.95
Watchdog enabled: 8192
Enabling radio
Queue: 1
Pinging
P:1
Ponged
Clock Adjusted before=1491334353
P:2
Ack
End of queue
Empty
Beginning sleep!
51808
43616
35424
27232
19040
10848
2656
-5536
Bye!
Now: 1492029661
Ready!
1492029661
0.10 0.95 30.21 30.00
0.10 0.95 30.21 30.00
0.10 0.95 30.21 30.00
0.09 0.96 29.21 29.00
0.09 0.96 29.21 29.00
Packet: 6 1492029661 95.45 0.95 0.95 0.95 0.96 0.96
Watchdog enabled: 8192
Enabling radio
Queue: 1
Pinging
P:1
Ponged
Clock Adjusted before=1492029668
P:2
Ack
End of queue
Empty
Beginning sleep!
51808
43616
35424
27232
19040
10848
2656
-5536
Bye!
Now: 1492029769
Ready!
1492029769
0.10 0.95 30.21 30.00
0.10 0.95 30.21 30.00
0.10 0.95 30.21 30.00
0.10 0.95 30.21 30.00
0.10 0.95 30.21 30.00
Packet: 6 1492029769 95.45 0.95 0.95 0.95 0.95 0.95
Watchdog enabled: 8192
Enabling radio
Queue: 1
Pinging
P:1
Ponged
Clock Adjusted before=1492029775
P:2
Ack
End of queue
Empty
Beginning sleep!
51808
43616
35424
27232
19040
10848
2656
-5536
Bye!
Now: 1492029786
Ready!
1492029786
0.10 0.95 30.21 30.00
0.10 0.95 30.21 30.00
0.10 0.95 30.21 30.00
0.09 0.96 29.21 29.00
0.10 0.95 30.21 30.00
Packet: 6 1492029786 94.81 0.95 0.95 0.95 0.96 0.95
Watchdog enabled: 8192
Enabling radio
Queue: 1
Pinging
P:1
Ponged
Clock Adjusted before=1492029792
P:2
Ack
End of queue
Empty
Beginning sleep!
51808
43616
35424
27232
19040
10848
2656
-5536
Bye!
Now: 1492029931
Ready!
1492029931
0.10 0.95 30.21 30.00
0.10 0.95 30.21 30.00
0.10 0.95 30.21 30.00
0.10 0.95 30.21 30.00
0.10 0.94 31.22 31.00
Packet: 6 1492029931 95.45 0.95 0.95 0.95 0.95 0.94
Watchdog enabled: 8192
Enabling radio
Queue: 1
Pinging
P:1
Ponged
Clock Adjusted before=1492029938
P:2
Ack
End of queue
Empty
Beginning sleep!
51808
43616
35424
27232
19040
10848
2656
-5536
Bye!
Now: 1492029948
Ready!
1492029948
0.10 0.95 30.21 30.00
0.10 0.95 30.21 30.00
0.09 0.96 29.21 29.00
0.10 0.95 30.21 30.00
0.10 0.95 30.21 30.00
Packet: 6 1492029948 94.81 0.95 0.95 0.96 0.95 0.95
Watchdog enabled: 8192
Enabling radio
Queue: 1
Pinging
Ping retry
Ping retry
No pong
Beginning sleep!
51808
43616
35424
27232
19040
10848
2656
-5536
Bye!
Now: 1492030034
Ready!
1492030034
0.09 0.96 29.21 29.00
0.09 0.96 29.21 29.00
0.10 0.95 30.21 30.00
0.10 0.95 30.21 30.00
0.09 0.96 29.21 29.00
Packet: 6 1492030034 94.81 0.96 0.96 0.95 0.95 0.96
Watchdog enabled: 8192
Enabling radio
Queue: 2
Pinging
Ping retry
Ping retry
No pong
Beginning sleep!
51808
43616
35424
27232
19040
10848
2656
-5536
Bye!
Now: 1492030120
Ready!
1492030120
0.10 0.95 30.21 30.00
0.10 0.95 30.21 30.00
0.10 0.95 30.21 30.00
0.09 0.96 29.21 29.00
0.10 0.95 30.21 30.00
Packet: 6 1492030120 94.81 0.95 0.95 0.95 0.96 0.95
Watchdog enabled: 8192
Enabling radio
Queue: 3
Pinging
P:1
Ponged
Clock Adjusted before=1492030126
P:2
Ack
P:2
Ack
P:2
Ack
End of queue
Empty
Beginning sleep!
51808
43616
35424
27232
19040
10848
2656
Now: 1492030262
Ready!
1492030262
0.09 0.96 29.21 29.00
0.09 0.96 29.21 29.00
0.09 0.97 28.20 28.00
0.09 0.96 29.21 29.00
0.09 0.97 28.20 28.00
Packet: 6 1492030262 96.08 0.96 0.96 0.97 0.96 0.97
Watchdog enabled: 8192
Enabling radio
Queue: 1
Pinging
P:1
Ponged
Clock Adjusted before=1492030268
P:2
Ack
End of queue
Empty
Beginning sleep!
51808
43616
35424
27232
19040
10848
2656
-5536
Bye!
Now: 1492030290
Ready!
1492030290
0.09 0.96 29.21 29.00
0.09 0.97 28.20 28.00
0.09 0.96 29.21 29.00
0.09 0.96 29.21 29.00
0.09 0.96 29.21 29.00
Packet: 6 1492030290 94.81 0.96 0.97 0.96 0.96 0.96
Watchdog enabled: 8192
Enabling radio
Queue: 1
Pinging
P:1
Ponged
Clock Adjusted before=1492030297
P:2
Ack
End of queue
Empty
Beginning sleep!
51808
43616
35424
27232
19040
10848
2656
-5536
Bye!
Now: 1492030436
Ready!
1492030436
0.09 0.97 28.20 28.00
0.09 0.96 29.21 29.00
0.09 0.96 29.21 29.00
0.09 0.96 29.21 29.00
0.09 0.96 29.21 29.00
Packet: 6 1492030436 95.45 0.97 0.96 0.96 0.96 0.96
Watchdog enabled: 8192
Enabling radio
Queue: 1
Pinging
P:1
Ponged
Clock Adjusted before=1492030443
P:2
Ack
End of queue
Empty
Beginning sleep!
51808
43616
35424
27232
19040
10848
2656
-5536
Bye!
Now: 1492030453
Ready!
1492030453
0.09 0.96 29.21 29.00
0.09 0.96 29.21 29.00
0.09 0.97 28.20 28.00
0.09 0.96 29.21 29.00
0.09 0.96 29.21 29.00
Packet: 6 1492030453 94.81 0.96 0.96 0.97 0.96 0.96
Watchdog enabled: 8192
Enabling radio
Queue: 1
Pinging
P:1
Ponged
Clock Adjusted before=1492030459
P:2
Ack
End of queue
Empty
Beginning sleep!
51808
43616
35424
27232
19040
10848
2656
-5536
Bye!
Now: 1492030537
Ready!
1492030537
0.09 0.97 28.20 28.00
0.09 0.96 29.21 29.00
0.09 0.96 29.21 29.00
0.09 0.97 28.20 28.00
0.09 0.96 29.21 29.00
Packet: 6 1492030537 95.45 0.97 0.96 0.96 0.97 0.96
Watchdog enabled: 8192
Enabling radio
Queue: 1
Pinging
Ping retry
Ping retry
No pong
Beginning sleep!
51808
43616
35424
27232
19040
10848
2656
-5536
Bye!
Now: 1492030623
Ready!
1492030623
0.09 0.96 29.21 29.00
0.09 0.96 29.21 29.00
0.09 0.96 29.21 29.00
0.09 0.96 29.21 29.00
0.09 0.96 29.21 29.00
Packet: 6 1492030623 95.45 0.96 0.96 0.96 0.96 0.96
Watchdog enabled: 8192
Enabling radio
Queue: 2
Pinging
Ping retry
Ping retry
No pong
Beginning sleep!
51808
43616
35424
27232
19040
10848
2656
-5536
Bye!
Now: 1492030709
Ready!
1492030709
0.09 0.97 28.20 28.00
0.09 0.97 28.20 28.00
0.09 0.97 28.20 28.00
0.09 0.96 29.21 29.00
0.09 0.96 29.21 29.00
Packet: 6 1492030709 94.81 0.97 0.97 0.97 0.96 0.96
Watchdog enabled: 8192
Enabling radio
Queue: 3
Pinging
Ping retry
Ping retry
No pong
Beginning sleep!
51808
43616
35424
27232
19040
10848
2656
-5536
Bye!
Now: 1492030795
Ready!
1492030795
0.09 0.96 29.21 29.00
0.09 0.97 28.20 28.00
0.09 0.96 29.21 29.00
0.09 0.96 29.21 29.00
0.09 0.96 29.21 29.00
Packet: 6 1492030795 94.81 0.96 0.97 0.96 0.96 0.96
Watchdog enabled: 8192
Enabling radio
Queue: 4
Pinging
Ping retry
Ping retry
No pong
Beginning sleep!
51808
43616
35424
27232
19040
10848
2656
-5536
Bye!
Now: 1492030881
Ready!
1492030881
0.09 0.96 29.21 29.00
0.09 0.96 29.21 29.00
0.09 0.96 29.21 29.00
0.09 0.97 28.20 28.00
0.09 0.96 29.21 29.00
Packet: 6 1492030881 94.81 0.96 0.96 0.96 0.97 0.96
Watchdog enabled: 8192
Enabling radio
Queue: 5
Pinging
Ping retry
Ping retry
No pong
Beginning sleep!
51808
43616
35424
27232
19040
10848
2656
-5536
Bye!
Now: 1492030967
Ready!
1492030967
0.09 0.96 29.21 29.00
0.09 0.96 29.21 29.00
0.09 0.96 29.21 29.00
0.09 0.96 29.21 29.00
0.09 0.96 29.21 29.00
Packet: 6 1492030967 95.45 0.96 0.96 0.96 0.96 0.96
Watchdog enabled: 8192
Enabling radio
Queue: 6
Pinging
Ping retry
Ping retry
No pong
Beginning sleep!
51808
43616
35424
27232
19040
10848
2656
-5536
Bye!
Now: 1492031053
Ready!
1492031053
0.10 0.94 31.22 31.00
0.10 0.94 31.22 31.00
0.10 0.94 31.22 31.00
0.10 0.94 31.22 31.00
0.10 0.95 30.21 30.00
Packet: 6 1492031053 95.45 0.94 0.94 0.94 0.94 0.95
Watchdog enabled: 8192
Enabling radio
Queue: 7
Pinging
Ping retry
Ping retry
No pong
Beginning sleep!
51808
43616
35424
27232
19040
10848
2656
-5536
Bye!
Now: 1492031138
Ready!
1492031138
0.10 0.95 30.21 30.00
0.10 0.94 31.22 31.00
0.10 0.94 31.22 31.00
0.10 0.94 31.22 31.00
0.10 0.94 31.22 31.00
Packet: 6 1492031138 95.45 0.95 0.94 0.94 0.94 0.94
Watchdog enabled: 8192
Enabling radio
Queue: 8
Pinging
Ping retry
Ping retry
No pong
Beginning sleep!
51808
43616
35424
27232
19040
10848
2656
-5536
Bye!
Now: 1492031224
Ready!
1492031224
0.10 0.94 31.22 31.00
0.10 0.94 31.22 31.00
0.10 0.94 31.22 31.00
0.10 0.94 31.22 31.00
0.10 0.94 31.22 31.00
Packet: 6 1492031224 94.81 0.94 0.94 0.94 0.94 0.94
Watchdog enabled: 8192
Enabling radio
Queue: 9
Pinging
P:1
Ponged
Clock Adjusted before=1492031231
P:2
Ack
P:2
Ack
P:2
Ack
P:2
Ack
P:2
Ack
P:2
Ack
P:2
Ack
P:2
Ack
P:2
Ack
End of queue
Empty
Beginning sleep!
51808
43616
35424
27232
19040
10848
2656
-5536
Bye!
Now: 1492031308
Ready!
1492031308
0.10 0.94 31.22 31.00
0.10 0.95 30.21 30.00
0.10 0.95 30.21 30.00
0.10 0.94 31.22 31.00
0.10 0.95 30.21 30.00
Packet: 6 1492031308 95.92 0.94 0.95 0.95 0.94 0.95
Watchdog enabled: 8192
Enabling radio
Queue: 1
Pinging
P:1
Ponged
Clock Adjusted before=1492031315
P:2
Ack
End of queue
Empty
Beginning sleep!
51808
43616
35424
27232
19040
10848
2656
-5536
Bye!
Now: 1492031453
Ready!
1492031453
0.10 0.95 30.21 30.00
0.10 0.94 31.22 31.00
0.10 0.94 31.22 31.00
0.10 0.94 31.22 31.00
0.10 0.94 31.22 31.00
Packet: 6 1492031453 94.81 0.95 0.94 0.94 0.94 0.94
Watchdog enabled: 8192
Enabling radio
Queue: 1
Pinging
Ping retry
Ping retry
No pong
Beginning sleep!
51808
43616
35424
27232
19040
10848
2656
-5536
Bye!
Now: 1492031539
Ready!
1492031539
0.10 0.94 31.22 31.00
0.10 0.93 32.23 32.00
0.10 0.95 30.21 30.00
0.10 0.94 31.22 31.00
0.10 0.94 31.22 31.00
Packet: 6 1492031539 95.45 0.94 0.93 0.95 0.94 0.94
Watchdog enabled: 8192
Enabling radio
Queue: 2
Pinging
P:1
Ponged
Clock Adjusted before=1492031545
P:2
Ack
P:2
Ack
End of queue
Empty
Beginning sleep!
51808
43616
35424
27232
19040
10848
2656
-5536
Bye!
Now: 1492031557
Ready!
1492031557
0.10 0.94 31.22 31.00
0.10 0.95 30.21 30.00
0.10 0.94 31.22 31.00
0.10 0.94 31.22 31.00
0.10 0.94 31.22 31.00
Packet: 6 1492031557 94.81 0.94 0.95 0.94 0.94 0.94
Watchdog enabled: 8192
Enabling radio
Queue: 1
Pinging
P:1
Ponged
Clock Adjusted before=1492031564
P:2
Ack
End of queue
Empty
Beginning sleep!
51808
43616
35424
27232
19040
10848
2656
-5536
Bye!
Now: 1492031688
Ready!
1492031688
0.10 0.93 32.23 32.00
0.10 0.93 32.23 32.00
0.10 0.93 32.23 32.00
0.10 0.93 32.23 32.00
0.10 0.93 32.23 32.00
Packet: 6 1492031688 94.81 0.93 0.93 0.93 0.93 0.93
Watchdog enabled: 8192
Enabling radio
Queue: 1
Pinging
Ping retry
Ping retry
No pong
Beginning sleep!
51808
43616
35424
27232
19040
10848
2656
-5536
Bye!
Now: 1492031774
Ready!
1492031774
0.10 0.93 32.23 32.00
0.10 0.93 32.23 32.00
0.10 0.93 32.23 32.00
0.10 0.93 32.23 32.00
0.10 0.93 32.23 32.00
Packet: 6 1492031774 94.81 0.93 0.93 0.93 0.93 0.93
Watchdog enabled: 8192
Enabling radio
Queue: 2
Pinging
Ping retry
Ping retry
No pong
Beginning sleep!
51808
43616
35424
27232
19040
10848
2656
-5536
Bye!
Now: 1492031860
Ready!
1492031860
0.10 0.94 31.22 31.00
0.10 0.93 32.23 32.00
0.10 0.93 32.23 32.00
0.11 0.92 33.23 33.00
0.10 0.94 31.22 31.00
Packet: 6 1492031860 94.81 0.94 0.93 0.93 0.92 0.94
Watchdog enabled: 8192
Enabling radio
Queue: 3
Pinging
P:1
Ponged
Clock Adjusted before=1492031866
P:2
Ack
P:2
Ack
P:2
Ack
End of queue
Empty
Beginning sleep!
51808
43616
35424
27232
19040
10848
2656
-5536
Bye!
Now: 1492031961
Ready!
1492031961
0.10 0.93 32.23 32.00
0.10 0.93 32.23 32.00
0.10 0.93 32.23 32.00
0.10 0.94 31.22 31.00
0.10 0.93 32.23 32.00
Packet: 6 1492031961 95.92 0.93 0.93 0.93 0.94 0.93
Watchdog enabled: 8192
Enabling radio
Queue: 1
Pinging
P:1
Ponged
Clock Adjusted before=1492031968
P:2
Ack
End of queue
Empty
Beginning sleep!
51808
43616
35424
27232
19040
10848
2656
-5536
Bye!
Now: 1492031977
Ready!
1492031977
0.10 0.93 32.23 32.00
0.10 0.94 31.22 31.00
0.10 0.93 32.23 32.00
0.10 0.93 32.23 32.00
0.10 0.93 32.23 32.00
Packet: 6 1492031977 94.81 0.93 0.94 0.93 0.93 0.93
Watchdog enabled: 8192
Enabling radio
Queue: 1
Pinging
P:1
Ponged
Clock Adjusted before=1492031983
P:2
Ack
End of queue
Empty
Beginning sleep!
51808
43616
35424
27232
19040
10848
2656
-5536
Bye!
Now: 1492032124
Ready!
1492032124
0.10 0.93 32.23 32.00
0.10 0.93 32.23 32.00
0.10 0.93 32.23 32.00
0.10 0.93 32.23 32.00
0.10 0.93 32.23 32.00
Packet: 6 1492032124 94.81 0.93 0.93 0.93 0.93 0.93
Watchdog enabled: 8192
Enabling radio
Queue: 1
Pinging
P:1
Ponged
Clock Adjusted before=1492032130
P:2
Ack
End of queue
Empty
Beginning sleep!
51808
43616
35424
27232
19040
10848
Now: 1491334346
Ready!
1491334346
0.16 0.75 50.35 50.00
0.16 0.74 51.36 51.00
0.16 0.74 51.36 51.00
0.15 0.78 47.33 47.00
0.15 0.78 47.33 47.00
Packet: 6 1491334346 95.45 0.75 0.74 0.74 0.78 0.78
Watchdog enabled: 8192
Enabling radio
Queue: 1
Pinging
P:1
Ponged
Clock Adjusted before=1491334353
P:2
Ack
End of queue
Empty
Beginning sleep!
51808
43616
35424
27232
19040
10848
2656
-5536
Bye!
Now: 1492032228
Ready!
1492032228
0.12 0.88 37.26 37.00
0.13 0.84 41.29 41.00
0.14 0.81 44.31 44.00
0.18 0.69 56.40 56.00
0.19 0.66 59.42 59.00
Packet: 6 1492032228 94.81 0.88 0.84 0.81 0.69 0.66
Watchdog enabled: 8192
Enabling radio
Queue: 1
Pinging
P:1
Ponged
Clock Adjusted before=1492032234
P:2
Ack
End of queue
Empty
Beginning sleep!
51808
43616
35424
27232
19040
Now: 1492032225
Ready!
1492032226
0.18 0.70 55.39 55.00
0.17 0.71 54.38 54.00
0.17 0.71 54.38 54.00
0.18 0.70 55.39 55.00
Now: 1492032243
Ready!
1492032243
0.17 0.73 52.37 52.00
0.17 0.72 53.38 53.00
0.17 0.72 53.38 53.00
0.17 0.72 53.38 53.00
0.17 0.71 54.38 54.00
Packet: 6 1492032243 96.08 0.73 0.72 0.72 0.72 0.71
Watchdog enabled: 8192
Enabling radio
Queue: 1
Pinging
P:1
Ponged
Clock Adjusted before=1492032249
P:2
Ack
End of queue
Empty
Beginning sleep!
51808
43616
35424
27232
19040
10848
2656
-5536
Bye!
Now: 1492032390
Ready!
1492032390
0.10 0.94 31.22 31.00
0.10 0.94 31.22 31.00
0.10 0.94 31.22 31.00
0.10 0.95 30.21 30.00
0.10 0.94 31.22 31.00
Packet: 6 1492032390 94.81 0.94 0.94 0.94 0.95 0.94
Watchdog enabled: 8192
Enabling radio
Queue: 1
Pinging
P:1
Ponged
Clock Adjusted before=1492032397
P:2
Ack
End of queue
Empty
Beginning sleep!
51808
43616
35424
27232
19040
10848
2656
-5536
Bye!
Now: 1492032473
Ready!
1492032473
0.10 0.94 31.22 31.00
0.10 0.94 31.22 31.00
0.10 0.95 30.21 30.00
0.10 0.93 32.23 32.00
0.10 0.94 31.22 31.00
Packet: 6 1492032473 94.81 0.94 0.94 0.95 0.93 0.94
Watchdog enabled: 8192
Enabling radio
Queue: 1
Pinging
P:1
Ponged
Clock Adjusted before=1492032480
P:2
Ack
End of queue
Empty
Beginning sleep!
51808
43616
35424
27232
19040
10848
2656
-5536
Bye!
Now: 1492032491
Ready!
1492032491
0.10 0.94 31.22 31.00
0.10 0.94 31.22 31.00
0.10 0.94 31.22 31.00
0.10 0.95 30.21 30.00
0.10 0.94 31.22 31.00
Packet: 6 1492032491 94.81 0.94 0.94 0.94 0.95 0.94
Watchdog enabled: 8192
Enabling radio
Queue: 1
Pinging
P:1
Ponged
Clock Adjusted before=1492032498
P:2
Ack
End of queue
Empty
Beginning sleep!
51808
43616
35424
27232
19040
10848
2656
-5536
Bye!
Now: 1492032636
Ready!
1492032636
0.10 0.93 32.23 32.00
0.10 0.94 31.22 31.00
0.10 0.94 31.22 31.00
0.10 0.95 30.21 30.00
0.10 0.95 30.21 30.00
Packet: 6 1492032636 94.81 0.93 0.94 0.94 0.95 0.95
Watchdog enabled: 8192
Enabling radio
Queue: 1
Pinging
P:1
Ponged
Clock Adjusted before=1492032643
P:2
Ack
End of queue
Empty
Beginning sleep!
51808
43616
35424
27232
19040
10848
2656
-5536
